{
 "cells": [
  {
   "cell_type": "code",
   "execution_count": 20,
   "metadata": {},
   "outputs": [
    {
     "data": {
      "text/plain": [
       "'\\n해당 파일은 python 3.7.15 버전에서 작성되었습니다.\\n일부 라이브러리의 버전 차이로 인해 실행이 되지 않을 수 있습니다.\\n설치가 되지 않는다면 pip install cvxopt, pip install cvxpy 먼저 실행 부탁드립니다.\\n'"
      ]
     },
     "execution_count": 20,
     "metadata": {},
     "output_type": "execute_result"
    }
   ],
   "source": [
    "#pip install cvxopt\n",
    "#pip install cvxpy\n",
    "#pip install PyPortfolioOpt\n",
    "\n",
    "#conda install cvxopt\n",
    "#conda install cvxpy\n",
    "#conda install PyPortfolioOpt\n",
    "\n",
    "\"\"\"\n",
    "해당 파일은 python 3.7.15 버전에서 작성되었습니다.\n",
    "일부 라이브러리의 버전 차이로 인해 실행이 되지 않을 수 있습니다.\n",
    "설치가 되지 않는다면 pip install cvxopt, pip install cvxpy 먼저 실행 부탁드립니다.\n",
    "\"\"\""
   ]
  },
  {
   "cell_type": "code",
   "execution_count": 21,
   "metadata": {},
   "outputs": [
    {
     "data": {
      "text/plain": [
       "322"
      ]
     },
     "execution_count": 21,
     "metadata": {},
     "output_type": "execute_result"
    }
   ],
   "source": [
    "import gc\n",
    "gc.collect(generation=2)"
   ]
  },
  {
   "cell_type": "code",
   "execution_count": 22,
   "metadata": {},
   "outputs": [],
   "source": [
    "import pandas as pd\n",
    "import numpy as np\n",
    "from datetime import datetime\n",
    "from pandas import to_datetime\n",
    "import matplotlib.pyplot as plt\n",
    "import time\n",
    "import seaborn as sns\n",
    "import pmdarima as pm\n",
    "import math\n",
    "from collections import OrderedDict\n",
    "from tqdm import tqdm\n",
    "import warnings\n",
    "warnings.filterwarnings('ignore')\n",
    "\n",
    "plt.rcParams['font.family'] ='Malgun Gothic'\n",
    "plt.rcParams['axes.unicode_minus'] =False\n",
    "\n",
    "from news_function_all import * # 미리 정의해놓은 함수 import"
   ]
  },
  {
   "cell_type": "code",
   "execution_count": 23,
   "metadata": {},
   "outputs": [],
   "source": [
    "# 포트폴리오 관련 library import\n",
    "\n",
    "import cvxopt as opt # python version 3.6-3.10 가능\n",
    "from cvxopt import solvers\n",
    "from pypfopt.efficient_frontier import EfficientFrontier # 정확하게는 모르겠는데 3.7은 사용가능\n",
    "from pypfopt import risk_models\n",
    "from pypfopt import expected_returns\n",
    "from pypfopt.discrete_allocation import DiscreteAllocation, get_latest_prices"
   ]
  },
  {
   "cell_type": "code",
   "execution_count": 24,
   "metadata": {},
   "outputs": [],
   "source": [
    "df = pd.read_csv(\"C:/Users/User/github/Web_crawling/save_data/stock_data.csv\", encoding='cp949')\n",
    "score = pd.read_csv(\"C:/Users/User/github/Web_Crawling/save_data/total_rate.csv\", encoding='cp949')"
   ]
  },
  {
   "cell_type": "code",
   "execution_count": 41,
   "metadata": {},
   "outputs": [],
   "source": [
    "kospi = pd.read_csv(\"C:/Users/User/github/Web_Crawling/save_data/kospi_200.csv\",encoding='cp949')"
   ]
  },
  {
   "cell_type": "code",
   "execution_count": 42,
   "metadata": {},
   "outputs": [],
   "source": [
    "time = pd.date_range('2019-01-01','2023-01-01', freq='m')\n",
    "kospi=kospi.sort_values('연월')\n",
    "kospi['time'] = time.astype(str)\n",
    "kospi.set_index('time', inplace=True)\n",
    "kospi.drop('연월',axis=1, inplace=True)\n",
    "kospi = kospi[['종가', '대비']]\n",
    "kospi['kospi'] = kospi['대비']/kospi['종가']"
   ]
  },
  {
   "attachments": {},
   "cell_type": "markdown",
   "metadata": {},
   "source": [
    "----\n",
    "### 뉴스 정보와 결합"
   ]
  },
  {
   "cell_type": "code",
   "execution_count": 43,
   "metadata": {},
   "outputs": [],
   "source": [
    "score_df = score[['음식료품_positive_rate','섬유의복_positive_rate','종이목재_positive_rate','화학_positive_rate','의약품_positive_rate','비금속광물_positive_rate','철강금속_positive_rate','기계_positive_rate','전기전자_positive_rate','의료정밀_positive_rate','운수장비_positive_rate','유통업_positive_rate','전기가스업_positive_rate','건설업_positive_rate','운수창고_positive_rate','통신업_positive_rate','금융업_positive_rate','은행_positive_rate','증권_positive_rate','보험_positive_rate','서비스업_positive_rate']]\n",
    "score_df.columns = df.columns[1:]\n",
    "score_df = score_df.fillna(int(0))\n",
    "score_df['time'] = pd.date_range('2013-01-01','2022-12-31',freq='m')\n",
    "score_df['time'] = score_df['time'].astype(str)\n",
    "score_df.set_index('time', inplace=True) \n",
    "#score_df = score_df.set_index(pd.date_range('2013-01-01','2022-12-31',freq='m'))"
   ]
  },
  {
   "cell_type": "code",
   "execution_count": 44,
   "metadata": {},
   "outputs": [],
   "source": [
    "plot_time = pd.date_range('2019-01-01','2022-12-31',freq='m')"
   ]
  },
  {
   "cell_type": "code",
   "execution_count": 45,
   "metadata": {},
   "outputs": [],
   "source": [
    "kk = kospi['kospi']"
   ]
  },
  {
   "cell_type": "code",
   "execution_count": 46,
   "metadata": {},
   "outputs": [],
   "source": [
    "sc = score_df[score_df.index >= '2019-01-01']"
   ]
  },
  {
   "cell_type": "code",
   "execution_count": 67,
   "metadata": {},
   "outputs": [],
   "source": [
    "jjj = pd.concat([sc,kospi], axis=1)"
   ]
  },
  {
   "cell_type": "code",
   "execution_count": 68,
   "metadata": {},
   "outputs": [
    {
     "data": {
      "text/html": [
       "<div>\n",
       "<style scoped>\n",
       "    .dataframe tbody tr th:only-of-type {\n",
       "        vertical-align: middle;\n",
       "    }\n",
       "\n",
       "    .dataframe tbody tr th {\n",
       "        vertical-align: top;\n",
       "    }\n",
       "\n",
       "    .dataframe thead th {\n",
       "        text-align: right;\n",
       "    }\n",
       "</style>\n",
       "<table border=\"1\" class=\"dataframe\">\n",
       "  <thead>\n",
       "    <tr style=\"text-align: right;\">\n",
       "      <th></th>\n",
       "      <th>음식료품</th>\n",
       "      <th>섬유의복</th>\n",
       "      <th>종이목재</th>\n",
       "      <th>화학</th>\n",
       "      <th>의약품</th>\n",
       "      <th>비금속광물</th>\n",
       "      <th>철강금속</th>\n",
       "      <th>기계</th>\n",
       "      <th>전기전자</th>\n",
       "      <th>의료정밀</th>\n",
       "      <th>...</th>\n",
       "      <th>운수창고업</th>\n",
       "      <th>통신업</th>\n",
       "      <th>금융업</th>\n",
       "      <th>은행</th>\n",
       "      <th>증권</th>\n",
       "      <th>보험</th>\n",
       "      <th>서비스업</th>\n",
       "      <th>종가</th>\n",
       "      <th>대비</th>\n",
       "      <th>kospi</th>\n",
       "    </tr>\n",
       "  </thead>\n",
       "  <tbody>\n",
       "    <tr>\n",
       "      <th>음식료품</th>\n",
       "      <td>1.000000</td>\n",
       "      <td>0.791805</td>\n",
       "      <td>0.825859</td>\n",
       "      <td>-0.097193</td>\n",
       "      <td>0.003949</td>\n",
       "      <td>0.834074</td>\n",
       "      <td>0.808138</td>\n",
       "      <td>0.323026</td>\n",
       "      <td>0.392785</td>\n",
       "      <td>0.742907</td>\n",
       "      <td>...</td>\n",
       "      <td>0.804140</td>\n",
       "      <td>0.774538</td>\n",
       "      <td>0.362681</td>\n",
       "      <td>0.488231</td>\n",
       "      <td>0.187762</td>\n",
       "      <td>0.345759</td>\n",
       "      <td>0.157185</td>\n",
       "      <td>0.066256</td>\n",
       "      <td>0.679114</td>\n",
       "      <td>0.659271</td>\n",
       "    </tr>\n",
       "    <tr>\n",
       "      <th>섬유의복</th>\n",
       "      <td>0.791805</td>\n",
       "      <td>1.000000</td>\n",
       "      <td>0.903010</td>\n",
       "      <td>-0.054187</td>\n",
       "      <td>0.018579</td>\n",
       "      <td>0.889307</td>\n",
       "      <td>0.896890</td>\n",
       "      <td>0.292147</td>\n",
       "      <td>0.401510</td>\n",
       "      <td>0.778462</td>\n",
       "      <td>...</td>\n",
       "      <td>0.914016</td>\n",
       "      <td>0.762297</td>\n",
       "      <td>0.182237</td>\n",
       "      <td>0.277736</td>\n",
       "      <td>-0.005242</td>\n",
       "      <td>0.122891</td>\n",
       "      <td>-0.001284</td>\n",
       "      <td>0.063021</td>\n",
       "      <td>0.823270</td>\n",
       "      <td>0.794866</td>\n",
       "    </tr>\n",
       "    <tr>\n",
       "      <th>종이목재</th>\n",
       "      <td>0.825859</td>\n",
       "      <td>0.903010</td>\n",
       "      <td>1.000000</td>\n",
       "      <td>-0.026132</td>\n",
       "      <td>-0.011259</td>\n",
       "      <td>0.885142</td>\n",
       "      <td>0.885903</td>\n",
       "      <td>0.267005</td>\n",
       "      <td>0.308264</td>\n",
       "      <td>0.773360</td>\n",
       "      <td>...</td>\n",
       "      <td>0.860556</td>\n",
       "      <td>0.789994</td>\n",
       "      <td>0.323796</td>\n",
       "      <td>0.442202</td>\n",
       "      <td>0.104035</td>\n",
       "      <td>0.144376</td>\n",
       "      <td>0.139723</td>\n",
       "      <td>-0.098406</td>\n",
       "      <td>0.778631</td>\n",
       "      <td>0.765564</td>\n",
       "    </tr>\n",
       "    <tr>\n",
       "      <th>화학</th>\n",
       "      <td>-0.097193</td>\n",
       "      <td>-0.054187</td>\n",
       "      <td>-0.026132</td>\n",
       "      <td>1.000000</td>\n",
       "      <td>-0.051724</td>\n",
       "      <td>-0.109351</td>\n",
       "      <td>-0.008092</td>\n",
       "      <td>0.001198</td>\n",
       "      <td>0.160301</td>\n",
       "      <td>-0.060947</td>\n",
       "      <td>...</td>\n",
       "      <td>-0.059048</td>\n",
       "      <td>-0.136996</td>\n",
       "      <td>-0.189815</td>\n",
       "      <td>-0.269978</td>\n",
       "      <td>-0.028128</td>\n",
       "      <td>-0.190458</td>\n",
       "      <td>0.091592</td>\n",
       "      <td>0.438503</td>\n",
       "      <td>-0.019856</td>\n",
       "      <td>0.028283</td>\n",
       "    </tr>\n",
       "    <tr>\n",
       "      <th>의약품</th>\n",
       "      <td>0.003949</td>\n",
       "      <td>0.018579</td>\n",
       "      <td>-0.011259</td>\n",
       "      <td>-0.051724</td>\n",
       "      <td>1.000000</td>\n",
       "      <td>-0.034662</td>\n",
       "      <td>-0.038655</td>\n",
       "      <td>0.239271</td>\n",
       "      <td>0.217003</td>\n",
       "      <td>0.183192</td>\n",
       "      <td>...</td>\n",
       "      <td>-0.021970</td>\n",
       "      <td>0.005396</td>\n",
       "      <td>0.026645</td>\n",
       "      <td>-0.039733</td>\n",
       "      <td>-0.069921</td>\n",
       "      <td>-0.041774</td>\n",
       "      <td>-0.134387</td>\n",
       "      <td>0.143371</td>\n",
       "      <td>0.105443</td>\n",
       "      <td>0.111376</td>\n",
       "    </tr>\n",
       "    <tr>\n",
       "      <th>비금속광물</th>\n",
       "      <td>0.834074</td>\n",
       "      <td>0.889307</td>\n",
       "      <td>0.885142</td>\n",
       "      <td>-0.109351</td>\n",
       "      <td>-0.034662</td>\n",
       "      <td>1.000000</td>\n",
       "      <td>0.879451</td>\n",
       "      <td>0.224545</td>\n",
       "      <td>0.372034</td>\n",
       "      <td>0.772961</td>\n",
       "      <td>...</td>\n",
       "      <td>0.884583</td>\n",
       "      <td>0.777483</td>\n",
       "      <td>0.304599</td>\n",
       "      <td>0.332361</td>\n",
       "      <td>0.076968</td>\n",
       "      <td>0.161887</td>\n",
       "      <td>0.076349</td>\n",
       "      <td>-0.036909</td>\n",
       "      <td>0.755608</td>\n",
       "      <td>0.730247</td>\n",
       "    </tr>\n",
       "    <tr>\n",
       "      <th>철강금속</th>\n",
       "      <td>0.808138</td>\n",
       "      <td>0.896890</td>\n",
       "      <td>0.885903</td>\n",
       "      <td>-0.008092</td>\n",
       "      <td>-0.038655</td>\n",
       "      <td>0.879451</td>\n",
       "      <td>1.000000</td>\n",
       "      <td>0.322974</td>\n",
       "      <td>0.433267</td>\n",
       "      <td>0.791314</td>\n",
       "      <td>...</td>\n",
       "      <td>0.892200</td>\n",
       "      <td>0.829714</td>\n",
       "      <td>0.227532</td>\n",
       "      <td>0.307050</td>\n",
       "      <td>0.086739</td>\n",
       "      <td>0.106404</td>\n",
       "      <td>0.044441</td>\n",
       "      <td>0.053411</td>\n",
       "      <td>0.772612</td>\n",
       "      <td>0.756285</td>\n",
       "    </tr>\n",
       "    <tr>\n",
       "      <th>기계</th>\n",
       "      <td>0.323026</td>\n",
       "      <td>0.292147</td>\n",
       "      <td>0.267005</td>\n",
       "      <td>0.001198</td>\n",
       "      <td>0.239271</td>\n",
       "      <td>0.224545</td>\n",
       "      <td>0.322974</td>\n",
       "      <td>1.000000</td>\n",
       "      <td>0.317574</td>\n",
       "      <td>0.342933</td>\n",
       "      <td>...</td>\n",
       "      <td>0.253081</td>\n",
       "      <td>0.307097</td>\n",
       "      <td>0.299422</td>\n",
       "      <td>0.322185</td>\n",
       "      <td>0.166440</td>\n",
       "      <td>0.266812</td>\n",
       "      <td>0.053918</td>\n",
       "      <td>0.191412</td>\n",
       "      <td>0.330148</td>\n",
       "      <td>0.299481</td>\n",
       "    </tr>\n",
       "    <tr>\n",
       "      <th>전기전자</th>\n",
       "      <td>0.392785</td>\n",
       "      <td>0.401510</td>\n",
       "      <td>0.308264</td>\n",
       "      <td>0.160301</td>\n",
       "      <td>0.217003</td>\n",
       "      <td>0.372034</td>\n",
       "      <td>0.433267</td>\n",
       "      <td>0.317574</td>\n",
       "      <td>1.000000</td>\n",
       "      <td>0.460783</td>\n",
       "      <td>...</td>\n",
       "      <td>0.436335</td>\n",
       "      <td>0.296770</td>\n",
       "      <td>-0.116724</td>\n",
       "      <td>0.030189</td>\n",
       "      <td>0.178933</td>\n",
       "      <td>-0.179047</td>\n",
       "      <td>-0.104129</td>\n",
       "      <td>0.473927</td>\n",
       "      <td>0.403009</td>\n",
       "      <td>0.410184</td>\n",
       "    </tr>\n",
       "    <tr>\n",
       "      <th>의료정밀</th>\n",
       "      <td>0.742907</td>\n",
       "      <td>0.778462</td>\n",
       "      <td>0.773360</td>\n",
       "      <td>-0.060947</td>\n",
       "      <td>0.183192</td>\n",
       "      <td>0.772961</td>\n",
       "      <td>0.791314</td>\n",
       "      <td>0.342933</td>\n",
       "      <td>0.460783</td>\n",
       "      <td>1.000000</td>\n",
       "      <td>...</td>\n",
       "      <td>0.787725</td>\n",
       "      <td>0.686536</td>\n",
       "      <td>0.224687</td>\n",
       "      <td>0.284679</td>\n",
       "      <td>0.170932</td>\n",
       "      <td>0.107538</td>\n",
       "      <td>0.001608</td>\n",
       "      <td>0.101887</td>\n",
       "      <td>0.777408</td>\n",
       "      <td>0.763191</td>\n",
       "    </tr>\n",
       "    <tr>\n",
       "      <th>운수장비</th>\n",
       "      <td>0.735348</td>\n",
       "      <td>0.910293</td>\n",
       "      <td>0.891761</td>\n",
       "      <td>-0.148130</td>\n",
       "      <td>-0.028080</td>\n",
       "      <td>0.877849</td>\n",
       "      <td>0.860613</td>\n",
       "      <td>0.260020</td>\n",
       "      <td>0.281674</td>\n",
       "      <td>0.773389</td>\n",
       "      <td>...</td>\n",
       "      <td>0.852767</td>\n",
       "      <td>0.790986</td>\n",
       "      <td>0.262501</td>\n",
       "      <td>0.342753</td>\n",
       "      <td>0.138113</td>\n",
       "      <td>0.117451</td>\n",
       "      <td>0.055150</td>\n",
       "      <td>-0.137210</td>\n",
       "      <td>0.753466</td>\n",
       "      <td>0.719823</td>\n",
       "    </tr>\n",
       "    <tr>\n",
       "      <th>유통업</th>\n",
       "      <td>0.293920</td>\n",
       "      <td>0.394375</td>\n",
       "      <td>0.364971</td>\n",
       "      <td>0.216004</td>\n",
       "      <td>-0.039979</td>\n",
       "      <td>0.394074</td>\n",
       "      <td>0.478766</td>\n",
       "      <td>0.063322</td>\n",
       "      <td>0.352244</td>\n",
       "      <td>0.512563</td>\n",
       "      <td>...</td>\n",
       "      <td>0.362458</td>\n",
       "      <td>0.371469</td>\n",
       "      <td>0.202050</td>\n",
       "      <td>-0.071847</td>\n",
       "      <td>0.355242</td>\n",
       "      <td>-0.097954</td>\n",
       "      <td>0.207408</td>\n",
       "      <td>0.282212</td>\n",
       "      <td>0.402620</td>\n",
       "      <td>0.411506</td>\n",
       "    </tr>\n",
       "    <tr>\n",
       "      <th>전기가스업</th>\n",
       "      <td>0.844411</td>\n",
       "      <td>0.841492</td>\n",
       "      <td>0.882825</td>\n",
       "      <td>-0.234316</td>\n",
       "      <td>-0.088864</td>\n",
       "      <td>0.881222</td>\n",
       "      <td>0.808492</td>\n",
       "      <td>0.315200</td>\n",
       "      <td>0.300642</td>\n",
       "      <td>0.752116</td>\n",
       "      <td>...</td>\n",
       "      <td>0.835986</td>\n",
       "      <td>0.757811</td>\n",
       "      <td>0.299638</td>\n",
       "      <td>0.380624</td>\n",
       "      <td>0.087501</td>\n",
       "      <td>0.272895</td>\n",
       "      <td>0.092790</td>\n",
       "      <td>-0.109168</td>\n",
       "      <td>0.766476</td>\n",
       "      <td>0.735476</td>\n",
       "    </tr>\n",
       "    <tr>\n",
       "      <th>건설업</th>\n",
       "      <td>0.433217</td>\n",
       "      <td>0.387806</td>\n",
       "      <td>0.388116</td>\n",
       "      <td>-0.143284</td>\n",
       "      <td>0.088324</td>\n",
       "      <td>0.391366</td>\n",
       "      <td>0.383745</td>\n",
       "      <td>0.477095</td>\n",
       "      <td>0.290176</td>\n",
       "      <td>0.379141</td>\n",
       "      <td>...</td>\n",
       "      <td>0.316862</td>\n",
       "      <td>0.436772</td>\n",
       "      <td>0.081313</td>\n",
       "      <td>0.288506</td>\n",
       "      <td>0.315611</td>\n",
       "      <td>0.298677</td>\n",
       "      <td>0.027760</td>\n",
       "      <td>0.166595</td>\n",
       "      <td>0.266896</td>\n",
       "      <td>0.234888</td>\n",
       "    </tr>\n",
       "    <tr>\n",
       "      <th>운수창고업</th>\n",
       "      <td>0.804140</td>\n",
       "      <td>0.914016</td>\n",
       "      <td>0.860556</td>\n",
       "      <td>-0.059048</td>\n",
       "      <td>-0.021970</td>\n",
       "      <td>0.884583</td>\n",
       "      <td>0.892200</td>\n",
       "      <td>0.253081</td>\n",
       "      <td>0.436335</td>\n",
       "      <td>0.787725</td>\n",
       "      <td>...</td>\n",
       "      <td>1.000000</td>\n",
       "      <td>0.759341</td>\n",
       "      <td>0.159294</td>\n",
       "      <td>0.231461</td>\n",
       "      <td>0.004211</td>\n",
       "      <td>0.052756</td>\n",
       "      <td>0.003798</td>\n",
       "      <td>0.045045</td>\n",
       "      <td>0.772983</td>\n",
       "      <td>0.746452</td>\n",
       "    </tr>\n",
       "    <tr>\n",
       "      <th>통신업</th>\n",
       "      <td>0.774538</td>\n",
       "      <td>0.762297</td>\n",
       "      <td>0.789994</td>\n",
       "      <td>-0.136996</td>\n",
       "      <td>0.005396</td>\n",
       "      <td>0.777483</td>\n",
       "      <td>0.829714</td>\n",
       "      <td>0.307097</td>\n",
       "      <td>0.296770</td>\n",
       "      <td>0.686536</td>\n",
       "      <td>...</td>\n",
       "      <td>0.759341</td>\n",
       "      <td>1.000000</td>\n",
       "      <td>0.305924</td>\n",
       "      <td>0.375217</td>\n",
       "      <td>0.265628</td>\n",
       "      <td>0.241699</td>\n",
       "      <td>0.088634</td>\n",
       "      <td>-0.019194</td>\n",
       "      <td>0.580166</td>\n",
       "      <td>0.546988</td>\n",
       "    </tr>\n",
       "    <tr>\n",
       "      <th>금융업</th>\n",
       "      <td>0.362681</td>\n",
       "      <td>0.182237</td>\n",
       "      <td>0.323796</td>\n",
       "      <td>-0.189815</td>\n",
       "      <td>0.026645</td>\n",
       "      <td>0.304599</td>\n",
       "      <td>0.227532</td>\n",
       "      <td>0.299422</td>\n",
       "      <td>-0.116724</td>\n",
       "      <td>0.224687</td>\n",
       "      <td>...</td>\n",
       "      <td>0.159294</td>\n",
       "      <td>0.305924</td>\n",
       "      <td>1.000000</td>\n",
       "      <td>0.417916</td>\n",
       "      <td>0.322210</td>\n",
       "      <td>0.120902</td>\n",
       "      <td>0.432702</td>\n",
       "      <td>-0.234324</td>\n",
       "      <td>0.208984</td>\n",
       "      <td>0.206381</td>\n",
       "    </tr>\n",
       "    <tr>\n",
       "      <th>은행</th>\n",
       "      <td>0.488231</td>\n",
       "      <td>0.277736</td>\n",
       "      <td>0.442202</td>\n",
       "      <td>-0.269978</td>\n",
       "      <td>-0.039733</td>\n",
       "      <td>0.332361</td>\n",
       "      <td>0.307050</td>\n",
       "      <td>0.322185</td>\n",
       "      <td>0.030189</td>\n",
       "      <td>0.284679</td>\n",
       "      <td>...</td>\n",
       "      <td>0.231461</td>\n",
       "      <td>0.375217</td>\n",
       "      <td>0.417916</td>\n",
       "      <td>1.000000</td>\n",
       "      <td>0.301734</td>\n",
       "      <td>0.276847</td>\n",
       "      <td>0.160492</td>\n",
       "      <td>-0.153521</td>\n",
       "      <td>0.244169</td>\n",
       "      <td>0.221243</td>\n",
       "    </tr>\n",
       "    <tr>\n",
       "      <th>증권</th>\n",
       "      <td>0.187762</td>\n",
       "      <td>-0.005242</td>\n",
       "      <td>0.104035</td>\n",
       "      <td>-0.028128</td>\n",
       "      <td>-0.069921</td>\n",
       "      <td>0.076968</td>\n",
       "      <td>0.086739</td>\n",
       "      <td>0.166440</td>\n",
       "      <td>0.178933</td>\n",
       "      <td>0.170932</td>\n",
       "      <td>...</td>\n",
       "      <td>0.004211</td>\n",
       "      <td>0.265628</td>\n",
       "      <td>0.322210</td>\n",
       "      <td>0.301734</td>\n",
       "      <td>1.000000</td>\n",
       "      <td>0.040718</td>\n",
       "      <td>0.432798</td>\n",
       "      <td>0.081136</td>\n",
       "      <td>0.037914</td>\n",
       "      <td>0.039000</td>\n",
       "    </tr>\n",
       "    <tr>\n",
       "      <th>보험</th>\n",
       "      <td>0.345759</td>\n",
       "      <td>0.122891</td>\n",
       "      <td>0.144376</td>\n",
       "      <td>-0.190458</td>\n",
       "      <td>-0.041774</td>\n",
       "      <td>0.161887</td>\n",
       "      <td>0.106404</td>\n",
       "      <td>0.266812</td>\n",
       "      <td>-0.179047</td>\n",
       "      <td>0.107538</td>\n",
       "      <td>...</td>\n",
       "      <td>0.052756</td>\n",
       "      <td>0.241699</td>\n",
       "      <td>0.120902</td>\n",
       "      <td>0.276847</td>\n",
       "      <td>0.040718</td>\n",
       "      <td>1.000000</td>\n",
       "      <td>-0.027213</td>\n",
       "      <td>-0.204455</td>\n",
       "      <td>-0.017633</td>\n",
       "      <td>-0.037338</td>\n",
       "    </tr>\n",
       "    <tr>\n",
       "      <th>서비스업</th>\n",
       "      <td>0.157185</td>\n",
       "      <td>-0.001284</td>\n",
       "      <td>0.139723</td>\n",
       "      <td>0.091592</td>\n",
       "      <td>-0.134387</td>\n",
       "      <td>0.076349</td>\n",
       "      <td>0.044441</td>\n",
       "      <td>0.053918</td>\n",
       "      <td>-0.104129</td>\n",
       "      <td>0.001608</td>\n",
       "      <td>...</td>\n",
       "      <td>0.003798</td>\n",
       "      <td>0.088634</td>\n",
       "      <td>0.432702</td>\n",
       "      <td>0.160492</td>\n",
       "      <td>0.432798</td>\n",
       "      <td>-0.027213</td>\n",
       "      <td>1.000000</td>\n",
       "      <td>0.037698</td>\n",
       "      <td>-0.013273</td>\n",
       "      <td>-0.002724</td>\n",
       "    </tr>\n",
       "    <tr>\n",
       "      <th>종가</th>\n",
       "      <td>0.066256</td>\n",
       "      <td>0.063021</td>\n",
       "      <td>-0.098406</td>\n",
       "      <td>0.438503</td>\n",
       "      <td>0.143371</td>\n",
       "      <td>-0.036909</td>\n",
       "      <td>0.053411</td>\n",
       "      <td>0.191412</td>\n",
       "      <td>0.473927</td>\n",
       "      <td>0.101887</td>\n",
       "      <td>...</td>\n",
       "      <td>0.045045</td>\n",
       "      <td>-0.019194</td>\n",
       "      <td>-0.234324</td>\n",
       "      <td>-0.153521</td>\n",
       "      <td>0.081136</td>\n",
       "      <td>-0.204455</td>\n",
       "      <td>0.037698</td>\n",
       "      <td>1.000000</td>\n",
       "      <td>0.149470</td>\n",
       "      <td>0.153692</td>\n",
       "    </tr>\n",
       "    <tr>\n",
       "      <th>대비</th>\n",
       "      <td>0.679114</td>\n",
       "      <td>0.823270</td>\n",
       "      <td>0.778631</td>\n",
       "      <td>-0.019856</td>\n",
       "      <td>0.105443</td>\n",
       "      <td>0.755608</td>\n",
       "      <td>0.772612</td>\n",
       "      <td>0.330148</td>\n",
       "      <td>0.403009</td>\n",
       "      <td>0.777408</td>\n",
       "      <td>...</td>\n",
       "      <td>0.772983</td>\n",
       "      <td>0.580166</td>\n",
       "      <td>0.208984</td>\n",
       "      <td>0.244169</td>\n",
       "      <td>0.037914</td>\n",
       "      <td>-0.017633</td>\n",
       "      <td>-0.013273</td>\n",
       "      <td>0.149470</td>\n",
       "      <td>1.000000</td>\n",
       "      <td>0.989594</td>\n",
       "    </tr>\n",
       "    <tr>\n",
       "      <th>kospi</th>\n",
       "      <td>0.659271</td>\n",
       "      <td>0.794866</td>\n",
       "      <td>0.765564</td>\n",
       "      <td>0.028283</td>\n",
       "      <td>0.111376</td>\n",
       "      <td>0.730247</td>\n",
       "      <td>0.756285</td>\n",
       "      <td>0.299481</td>\n",
       "      <td>0.410184</td>\n",
       "      <td>0.763191</td>\n",
       "      <td>...</td>\n",
       "      <td>0.746452</td>\n",
       "      <td>0.546988</td>\n",
       "      <td>0.206381</td>\n",
       "      <td>0.221243</td>\n",
       "      <td>0.039000</td>\n",
       "      <td>-0.037338</td>\n",
       "      <td>-0.002724</td>\n",
       "      <td>0.153692</td>\n",
       "      <td>0.989594</td>\n",
       "      <td>1.000000</td>\n",
       "    </tr>\n",
       "  </tbody>\n",
       "</table>\n",
       "<p>24 rows × 24 columns</p>\n",
       "</div>"
      ],
      "text/plain": [
       "           음식료품      섬유의복      종이목재        화학       의약품     비금속광물      철강금속  \\\n",
       "음식료품   1.000000  0.791805  0.825859 -0.097193  0.003949  0.834074  0.808138   \n",
       "섬유의복   0.791805  1.000000  0.903010 -0.054187  0.018579  0.889307  0.896890   \n",
       "종이목재   0.825859  0.903010  1.000000 -0.026132 -0.011259  0.885142  0.885903   \n",
       "화학    -0.097193 -0.054187 -0.026132  1.000000 -0.051724 -0.109351 -0.008092   \n",
       "의약품    0.003949  0.018579 -0.011259 -0.051724  1.000000 -0.034662 -0.038655   \n",
       "비금속광물  0.834074  0.889307  0.885142 -0.109351 -0.034662  1.000000  0.879451   \n",
       "철강금속   0.808138  0.896890  0.885903 -0.008092 -0.038655  0.879451  1.000000   \n",
       "기계     0.323026  0.292147  0.267005  0.001198  0.239271  0.224545  0.322974   \n",
       "전기전자   0.392785  0.401510  0.308264  0.160301  0.217003  0.372034  0.433267   \n",
       "의료정밀   0.742907  0.778462  0.773360 -0.060947  0.183192  0.772961  0.791314   \n",
       "운수장비   0.735348  0.910293  0.891761 -0.148130 -0.028080  0.877849  0.860613   \n",
       "유통업    0.293920  0.394375  0.364971  0.216004 -0.039979  0.394074  0.478766   \n",
       "전기가스업  0.844411  0.841492  0.882825 -0.234316 -0.088864  0.881222  0.808492   \n",
       "건설업    0.433217  0.387806  0.388116 -0.143284  0.088324  0.391366  0.383745   \n",
       "운수창고업  0.804140  0.914016  0.860556 -0.059048 -0.021970  0.884583  0.892200   \n",
       "통신업    0.774538  0.762297  0.789994 -0.136996  0.005396  0.777483  0.829714   \n",
       "금융업    0.362681  0.182237  0.323796 -0.189815  0.026645  0.304599  0.227532   \n",
       "은행     0.488231  0.277736  0.442202 -0.269978 -0.039733  0.332361  0.307050   \n",
       "증권     0.187762 -0.005242  0.104035 -0.028128 -0.069921  0.076968  0.086739   \n",
       "보험     0.345759  0.122891  0.144376 -0.190458 -0.041774  0.161887  0.106404   \n",
       "서비스업   0.157185 -0.001284  0.139723  0.091592 -0.134387  0.076349  0.044441   \n",
       "종가     0.066256  0.063021 -0.098406  0.438503  0.143371 -0.036909  0.053411   \n",
       "대비     0.679114  0.823270  0.778631 -0.019856  0.105443  0.755608  0.772612   \n",
       "kospi  0.659271  0.794866  0.765564  0.028283  0.111376  0.730247  0.756285   \n",
       "\n",
       "             기계      전기전자      의료정밀  ...     운수창고업       통신업       금융업  \\\n",
       "음식료품   0.323026  0.392785  0.742907  ...  0.804140  0.774538  0.362681   \n",
       "섬유의복   0.292147  0.401510  0.778462  ...  0.914016  0.762297  0.182237   \n",
       "종이목재   0.267005  0.308264  0.773360  ...  0.860556  0.789994  0.323796   \n",
       "화학     0.001198  0.160301 -0.060947  ... -0.059048 -0.136996 -0.189815   \n",
       "의약품    0.239271  0.217003  0.183192  ... -0.021970  0.005396  0.026645   \n",
       "비금속광물  0.224545  0.372034  0.772961  ...  0.884583  0.777483  0.304599   \n",
       "철강금속   0.322974  0.433267  0.791314  ...  0.892200  0.829714  0.227532   \n",
       "기계     1.000000  0.317574  0.342933  ...  0.253081  0.307097  0.299422   \n",
       "전기전자   0.317574  1.000000  0.460783  ...  0.436335  0.296770 -0.116724   \n",
       "의료정밀   0.342933  0.460783  1.000000  ...  0.787725  0.686536  0.224687   \n",
       "운수장비   0.260020  0.281674  0.773389  ...  0.852767  0.790986  0.262501   \n",
       "유통업    0.063322  0.352244  0.512563  ...  0.362458  0.371469  0.202050   \n",
       "전기가스업  0.315200  0.300642  0.752116  ...  0.835986  0.757811  0.299638   \n",
       "건설업    0.477095  0.290176  0.379141  ...  0.316862  0.436772  0.081313   \n",
       "운수창고업  0.253081  0.436335  0.787725  ...  1.000000  0.759341  0.159294   \n",
       "통신업    0.307097  0.296770  0.686536  ...  0.759341  1.000000  0.305924   \n",
       "금융업    0.299422 -0.116724  0.224687  ...  0.159294  0.305924  1.000000   \n",
       "은행     0.322185  0.030189  0.284679  ...  0.231461  0.375217  0.417916   \n",
       "증권     0.166440  0.178933  0.170932  ...  0.004211  0.265628  0.322210   \n",
       "보험     0.266812 -0.179047  0.107538  ...  0.052756  0.241699  0.120902   \n",
       "서비스업   0.053918 -0.104129  0.001608  ...  0.003798  0.088634  0.432702   \n",
       "종가     0.191412  0.473927  0.101887  ...  0.045045 -0.019194 -0.234324   \n",
       "대비     0.330148  0.403009  0.777408  ...  0.772983  0.580166  0.208984   \n",
       "kospi  0.299481  0.410184  0.763191  ...  0.746452  0.546988  0.206381   \n",
       "\n",
       "             은행        증권        보험      서비스업        종가        대비     kospi  \n",
       "음식료품   0.488231  0.187762  0.345759  0.157185  0.066256  0.679114  0.659271  \n",
       "섬유의복   0.277736 -0.005242  0.122891 -0.001284  0.063021  0.823270  0.794866  \n",
       "종이목재   0.442202  0.104035  0.144376  0.139723 -0.098406  0.778631  0.765564  \n",
       "화학    -0.269978 -0.028128 -0.190458  0.091592  0.438503 -0.019856  0.028283  \n",
       "의약품   -0.039733 -0.069921 -0.041774 -0.134387  0.143371  0.105443  0.111376  \n",
       "비금속광물  0.332361  0.076968  0.161887  0.076349 -0.036909  0.755608  0.730247  \n",
       "철강금속   0.307050  0.086739  0.106404  0.044441  0.053411  0.772612  0.756285  \n",
       "기계     0.322185  0.166440  0.266812  0.053918  0.191412  0.330148  0.299481  \n",
       "전기전자   0.030189  0.178933 -0.179047 -0.104129  0.473927  0.403009  0.410184  \n",
       "의료정밀   0.284679  0.170932  0.107538  0.001608  0.101887  0.777408  0.763191  \n",
       "운수장비   0.342753  0.138113  0.117451  0.055150 -0.137210  0.753466  0.719823  \n",
       "유통업   -0.071847  0.355242 -0.097954  0.207408  0.282212  0.402620  0.411506  \n",
       "전기가스업  0.380624  0.087501  0.272895  0.092790 -0.109168  0.766476  0.735476  \n",
       "건설업    0.288506  0.315611  0.298677  0.027760  0.166595  0.266896  0.234888  \n",
       "운수창고업  0.231461  0.004211  0.052756  0.003798  0.045045  0.772983  0.746452  \n",
       "통신업    0.375217  0.265628  0.241699  0.088634 -0.019194  0.580166  0.546988  \n",
       "금융업    0.417916  0.322210  0.120902  0.432702 -0.234324  0.208984  0.206381  \n",
       "은행     1.000000  0.301734  0.276847  0.160492 -0.153521  0.244169  0.221243  \n",
       "증권     0.301734  1.000000  0.040718  0.432798  0.081136  0.037914  0.039000  \n",
       "보험     0.276847  0.040718  1.000000 -0.027213 -0.204455 -0.017633 -0.037338  \n",
       "서비스업   0.160492  0.432798 -0.027213  1.000000  0.037698 -0.013273 -0.002724  \n",
       "종가    -0.153521  0.081136 -0.204455  0.037698  1.000000  0.149470  0.153692  \n",
       "대비     0.244169  0.037914 -0.017633 -0.013273  0.149470  1.000000  0.989594  \n",
       "kospi  0.221243  0.039000 -0.037338 -0.002724  0.153692  0.989594  1.000000  \n",
       "\n",
       "[24 rows x 24 columns]"
      ]
     },
     "execution_count": 68,
     "metadata": {},
     "output_type": "execute_result"
    }
   ],
   "source": [
    "jjj.corr()"
   ]
  },
  {
   "cell_type": "code",
   "execution_count": 80,
   "metadata": {},
   "outputs": [
    {
     "data": {
      "text/plain": [
       "<AxesSubplot:>"
      ]
     },
     "execution_count": 80,
     "metadata": {},
     "output_type": "execute_result"
    },
    {
     "data": {
